function colors = load_colors()
    colors = 1/255 * [
        127 127 255;
        217 127 217;
        255 48 42;
        127 217 191;
        0.65*[127 217 191] + 0.35*[255 255 255];
        0.4*[127 217 191] + 0.6*[255 255 255];
        127 255 127;
        0.65*[127 255 127] + 0.35*[255 255 255];
        ];
end